       N       E                     dE             d eps       ncg     rms          rms(c)
DAV:   1    -0.274113113137E+02   -0.27411E+02   -0.11756E-06 10724   0.525E-02    0.251E-03
DAV:   2    -0.274113113297E+02   -0.15938E-07   -0.99409E-07 11120   0.753E-02
   1 F= -.27411311E+02 E0= -.27411311E+02  d E =-.256701E-12
 Linear response reoptimize wavefunctions
DAV:   1    -0.274113112269E+02    0.10280E-06   -0.25363E-07 10316   0.379E-02
DAV:   2    -0.274113112279E+02   -0.10841E-08   -0.10717E-08  9880   0.800E-04
DAV:   3    -0.274113112280E+02   -0.69576E-10   -0.51308E-10  9220   0.651E-04
 Linear response G [H, r] |phi>, progress :
  Direction:   1
       N       E                     dE             d eps       ncg     rms
RMM:   1    -0.290520315512E+03   -0.29052E+03   -0.42214E+07  8628   0.333E+05
RMM:   2    -0.291989347232E+03   -0.14690E+01   -0.20225E+02 18273   0.362E+02
RMM:   3    -0.300242747088E+03   -0.82534E+01   -0.28762E+01 20366   0.121E+02
RMM:   4    -0.301146394231E+03   -0.90365E+00   -0.76219E+00 19800   0.595E+01
RMM:   5    -0.301250118165E+03   -0.10372E+00   -0.17940E+00 19426   0.321E+01
RMM:   6    -0.301283503834E+03   -0.33386E-01   -0.61393E-01 19612   0.181E+01
